65
373
298
2943
1397
419
432
201
934
3876
678
132
123
1816
866
210
1657
2415
1301
74
444
1819
498
1240
2926
370
1690
456
1238
997
315
682
2379
392
723
982
1258
1381
1755
4111
361
296
769
159
2375
1247
627
786
1858
1349
431
451
140
197
1274
96
3543
1007
660
828
272
2549
223
1713
445
62
835
1385
278
1169
862
23
2033
2043
738
128
228
95
827
227
489
514
28
3596
385
138
453
78
313
22
858
15
2720
464
1227
2051
1152
1134
1171
987
737
1977
386
1013
204
43
407
2034
21
637
150
1243
274
18
44
384
1030
2846
14
5518
36
88
462
374
2566
249
1350
382
811
977
136
2172
656
2228
141
725
909
927
839
1536
37
964
599
854
63
238
290
1528
882
391
131
39
344
35
1391
375
167
789
852
1352
538
301
208
1253
550
2411
809
86
869
1864
289
430
113
480
3028
76
469
202
816
24
75
1518
288
425
947
490
1398
322
2205
271
491
139
30
112
665
117
434
1377
80
732
648
168
1462
176
31
133
125
226
1568
77
492
206
257
1345
1913
368
2513
493
1053
506
2930
427
1021
162
1304
164
1773
488
2890
849
380
654
174
3361
743
241
1865
1029
235
211
759
347
1175
443
213
4626
1896
3081
79
217
134
345
1900
940
870
325
1998
224
3973
212
472
573
594
601
328
856
576
203
379
244
1742
876
728
1009
1003
446
1116
214
1004
319
439
639
2331
1519
619
304
718
2257
1343
5003
40
165
482
320
17
323
968
1684
1897
104
782
1084
1351
871
348
3892
1443
383
700
149
566
154
349
605
1431
12
494
572
317
857
11
70
143
9
137
331
342
519
420
711
691
428
717
1234
1002
193
850
1437
611
1307
598
45
389
300
721
901
442
688
173
145
33
2506
57
859
71
702
508
340
1697
118
192
935
1036
766
303
142
242
1556
1762
61
2143
276
1168
47
1438
1669
19
466
199
602
1202
1624
16
38
270
1780
265
326
805
218
2536
2803
898
1399
1080
20
1661
120
487
256
944
2387
262
1810
2750
1306
350
175
34
1261
496
8
975
310
712
435
586
663
1264
943
659
10
971
848
273
3529
1463
500
1298
791
266
100
1417
608
48
98
1801
581
209
1701
705
726
526
562
988
2350
2713
2077
806
72
2899
122
130
406
362
1534
564
1146
222
612
264
144
102
354
716
3262
1987
624
1193
1074
499
1338
263
277
643
321
337
1068
600
673
1447
485
793
808
352
172
1334
535
2060
124
1075
156
358
715
2173
129
1100
191
1509
307
1213
111
221
2064
103
66
351
1565
