193
116
638
231
1179
216
71
360
3006
1154
2655
134
48
564
76
1451
329
157
485
56
1457
289
279
263
570
927
47
1120
514
1818
59
88
1232
60
490
237
1421
44
178
64
55
236
1467
2639
79
1160
680
867
1354
333
268
273
863
530
287
58
1521
233
861
1005
1084
370
166
366
20
271
857
626
560
36
96
1224
463
566
1718
141
90
528
174
232
341
616
147
576
667
267
357
2312
630
2015
32
46
951
1754
50
1417
270
1748
319
844
171
1651
65
69
1170
2358
654
266
2342
22
229
2061
297
217
827
290
327
2709
383
29
883
288
588
140
212
509
2045
167
49
133
54
760
873
247
114
269
1302
526
100
882
325
413
823
1764
1057
585
568
2115
73
170
272
586
1124
291
261
8562
12391
15892
1343
4495
696
701
1534
7596
1169
451
3972
1082
8934
8232
4551
1172
940
3254
1672
4930
7473
8764
3786
4247
3001
688
19512
8771
8696
7537
6295
422
11809
4308
22352
4560
535
8752
40117
3351
992
3693
1342
830
2634
8886
374
1434
3454
7115
905
4724
1249
4785
7509
3522
7867
2092
2152
11811
1607
14709
18333
378
4612
8912
529
369
7119
797
6263
7513
662
6739
3620
7529
3893
365
3234
14759
3557
1524
19360
1466
3911
625
7007
2736
4470
3652
2069
22017
6030
3474
3849
478
950
757
2350
10201
1341
1219
1428
765
3563
8465
5115
1258
7503
2738
3063
21953
7128
17533
1081
385
3891
1628
1157
959
7023
928
25684
1001
7313
12272
4989
1309
308
15107
11824
10434
344
21608
4851
22671
1187
16174
483
12422
25967
32877
6960
2675
8609
1322
4410
843
2924
8672
11204
787
21153
7300
1346
8830
2961
9833
1498
8170
1456
4567
3967
1040
4566
350
4027
2689
623
3518
8802
7276
8580
13948
4219
1207
6128
3501
14777
1730
4326
1610
1528
3808
2923
4071
2536
634
1024
685
356
17992
2351
5299
4526
995
3917
964
6029
19325
340
10748
646
11885
4550
18136
29223
5071
11750
7584
32616
929
605
943
2410
1505
6673
12261
1384
6980
3555
14524
7856
15936
7469
24719
3053
4581
26796
773
1017
1455
2592
10752
12544
1609
15740
1355
3387
2485
548
469
1716
5008
13859
13410
10599
14743
345
1387
2201
3429
23114
8027
3093
641
976
25619
3519
589
8550
4712
10705
7865
896
6705
3410
849
5279
1573
1543
22064
10823
8180
14824
3883
394
15935
1650
1166
477
6993
452
5292
11864
3837
785
6632
877
8967
1042
1590
1383
10860
29587
706
1684
1195
2544
1310
18379
8186
4407
1680
1449
1509
1503
8947
373
1563
1345
3736
2422
713
12384
629
11647
580
1366
3664
4455
2089
8500
7691
1201
650
822
15338
2056
15426
2715
668
7262
5169
8265
3889
321
7326
5312
1527
1707
7528
5132
4450
11157
375
1888
1218
15716
8089
8659
6715
26734
6815
7718
5330
7788
594
6350
782
7902
1916
312
1682
8386
6814
6809
23176
14646
7618
5059
945
599
6803
1623
756
1440
43737
5300
11800
4107
6773
5023
4922
9874
12315
7490
11666
551
8244
2327
1236
4245
3650
7928
1727
18701
12356
1710
671
399
408
3088
37647
6545
11239
683
6582
3061
1394
1525
2527
7932
4006
1460
3428
4312
36236
18363
1485
15172
12006
435
26787
16011
1083
1068
946
3683
10429
11139
2631
1714
47357
4469
4471
5314
11980
10613
6170
12085
15112
15431
8075
3466
16004
4807
1003
4227
8091
21099
12567
1092
3189
25603
1705
10974
7124
15081
744
1325
821
5613
3909
4510
1133
8687
2508
18397
1728
3446
8679
1033
1199
11552
3908
8643
22724
766
620
11485
3420
5032
1539
12748
7717
364
2925
4097
8204
584
336
4624
28339
3508
2033
15874
14516
2532
7531
10735
1708
8046
3153
3398
25972
11790
15836
14368
1508
6213
2665
4571
624
1433
3689
395
4232
2743
3993
1235
11461
14594
21983
61837
5662
1191
317
1951
5116
974
3656
3328
835
3887
2151
14200
8779
695
25573
4727
595
4700
1441
661
15705
11148
19064
1604
5074
4221
5174
930
4565
3648
8141
4194
1006
1694
8628
2996
5821
1333
1549
1192
4281
561
600
1581
2732
4855
8471
1438
8950
2985
23089
10627
4291
21756
36832
15096
2078
2730
1404
7284
15976
23167
7647
4740
11548
5014
931
1729
1502
2939
4412
2962
1585
25376
309
2044
19494
3524
1321
1165
1935
8189
5061
1439
4960
3336
1285
2279
1495
12096
3566
961
7576
4426
4098
2585
901
3430
3076
3813
11492
4082
5210
3463
11806
1719
3956
13872
7406
617
5076
3064
3978
7598
3083
1130
5248
8750
5075
932
5052
4698
21999
1897
5069
3085
11476
3964
4956
2528
487
1388
11761
3999
16042
26902
12316
5182
4751
19469
558
29257
2354
3542
639
30354
949
12216
2619
2755
14749
4236
694
19104
640
8736
4009
11487
10293
12372
8689
6858
494
3899
11718
1348
7872
5109
6254
1510
2411
4021
547
5144
12450
3511
1645
3512
1186
989
10920
2662
3334
5508
777
2644
1045
407
12292
1562
3976
8476
2352
1574
1131
1403
19556
825
3495
865
571
1894
29592
5929
1216
4364
2749
4766
11026
5159
1340
3397
486
4645
18727
2751
5130
30416
7507
3504
4252
7519
4282
1312
7085
1220
14713
8652
947
12229
7824
19624
1552
3058
4464
4266
25637
716
12091
1369
1553
3162
398
482
4976
1260
5122
874
4827
858
578
7074
2731
1104
459
581
978
36497
347
35579
29239
801
6581
3832
2066
8360
4001
7911
18444
1565
15444
663
18732
5608
4478
3366
19051
4732
890
3583
3506
50977
3264
1568
3021
8583
15849
3238
5067
11089
3415
24773
7050
19794
944
3706
2657
14859
6708
8191
8634
4023
2963
2545
4942
1432
4880
590
3642
22347
5039
2447
1427
11459
792
1633
7049
1907
1423
790
13785
2425
5021
33212
1146
6005
5229
3560
6770
2593
18266
1025
1188
3196
520
12254
8098
1507
1659
10896
1151
2999
6018
2643
1677
17988
1512
8146
14372
3041
1336
5347
23282
1559
11093
5068
6619
5971
875
752
774
5205
4204
8924
3851
591
3425
346
19662
12554
34036
31959
3853
12248
4285
7132
1943
13913
354
851
58217
11129
12309
3680
2469
7272
3461
2927
8371
2260
4584
1326
692
8932
5987
7240
2454
326
1107
9128
37656
3389
2856
1531
4569
3325
4314
806
11053
12120
18369
5327
2534
11123
368
2626
1535
1667
7203
1614
1231
8187
